0000000000
0111111110
0111111110
0110000110
0110000110
0110000110
0110000110
0111111110
0111111110
0000000000

0000000000
0000011000
0000111000
0000111000
0000011000
0000011000
0000011000
0000011000
0000111100
0000000000

0000000000
0011111110
0010001110
0000001100
0000110000
0001110000
0001100000
0011000000
0011111110
0000000000

0000000000
0011111110
0000001110
0000000010
0001111110
0000000110
0000000110
0011001110
0011111100
0000000000

0000000000
0011000110
0011000110
0011000110
0011111110
0000000110
0000000110
0000000110
0000000110
0000000110

0000000000
0011111110
0011000000
0011000000
0011111110
0000000110
0000000110
0000000110
0011111110
0000000000

0000000000
0011111100
0011111100
0011000000
0011111110
0011111110
0011000110
0011000110
0011111110
0000000000

0000000000
0011111110
0000000110
0000000110
0000000110
0000000110
0000000110
0000000110
0000000110
0000000000

0000000000
0111111110
0110000110
0110000110
0011111100
0110000110
0110000110
0110000110
0011111100
0000000000

0000000000
0001111100
0011000110
0011000110
0011000110
0011111110
0000000110
0000000110
0000111100
0000000000