0000000000
0000111000
0000111000
0000111000
0000111000
0000111000
0000111000
0000111000
0000111000
0000000000

0000000000
0000011000
0000011000
0000011000
0000011000
0000011000
0000011000
0000011000
0000011000
0000000000

0000000000
0000111000
0000111000
0000011000
0000011000
0000011000
0000011000
0000011000
0000111100
0000000000

0000000000
0000010000
0000111000
0000111000
0000110000
0000111000
0000111000
0000110000
0000111000
0000000000

0000000000
0000110000
0001110000
0011110000
0010110000
0000110000
0000110000
0000110000
0000110000
0000000000

0000000000
0001110000
0001110000
0000110000
0000110000
0000110000
0000110000
0000110000
0000111000
0000000000

0000000000
0000011000
0000111000
0000111000
0000110000
0000111000
0000111000
0000111000
0000111100
0000000000

0000010000
0000110000
0001110000
0010110000
0010110000
0000110000
0000110000
0000110000
0000110000
0000000000

0000000000
0000011000
0000111000
0001111000
0011011000
0000011000
0000011000
0000011000
0000111100
0000000000

0000000000
0000110000
0000110000
0000110000
0000110000
0000110000
0000110000
0000110000
0001111000
0000000000
