0000000000
0011111110
0100001111
0000000011
0000111111
0000000110
0000000111
0011001110
0011111100
0000000000

0000000000
0011111110
0100001111
0000000011
0000111110
0001000111
0000000111
0011001110
0011111100
0000110000

0000000000
0011111110
0000001111
0000000011
0000111111
0001000111
0000000111
0011001110
0011111100
0000000000

0000000000
0011111110
0110001111
0100000011
0000111111
0000001111
0000000111
0011001110
0011111100
0000110000

0000000000
0011111110
0110001110
0000000010
0000111110
0001000110
0000000111
0011001111
0011111100
0000000000

0000000000
0011111110
0100001111
0000000011
0001111110
0000011111
0000000110
0011001110
0011111100
0000110000

0000001100
0011111110
0000000111
0000010111
0011111110
0000010111
0000000111
0011011110
0011111000
0000000000

0000100000
0011111110
0010001111
0000000110
0000111111
0001000111
0000000111
0010001110
0011111100
0000000000

0000000000
0011111110
0100001111
0000000011
0001111111
0000000111
0000000111
0010001110
0011111100
0000110000

0000000000
0011111110
0000001110
0000000110
0000111111
0001000111
0000000110
0010001110
0011111100
0000101000