0000000000
0011111110
0111000110
0000001100
0000111000
0000110000
0001100000
0011100000
0011111100
0000000000

0000110000
0011111110
0110000110
0000001100
0000110000
0000110000
0001100000
0011000010
0011111100
0000000000

0000000000
0011111110
0000001100
0000011100
0000111000
0000110000
0001110000
0011000000
0011111110
0001111110

0000000000
0011111110
0100000110
0000011100
0000111000
0001110000
0011100000
0111000000
0111111110
0000000000

0000000000
0011111110
0111111110
0000011100
0000111000
0000110000
0001100000
0011000000
0011111110
0011111100

0000000000
0011111110
0111111110
0000011100
0000111000
0001110000
0001100000
0011100010
0011111100
0000000000

0000110000
0011111110
0000001110
0000001100
0000110000
0000110000
0001110000
0011000010
0011111000
0000110000

0000000000
0011111110
0010001110
0000001100
0000110000
0001110000
0001100000
0011000000
0011111110
0000000000

0000000000
0011111110
0110000110
0010001110
0000011000
0000110000
0011000000
0011000000
0011111100
0000000000

0000000000
0011111110
0110011110
0000011000
0000110000
0001110000
0001100000
0011000000
0011111110
0000000000
