0000000000
0111111110
0111000110
0111000010
0110000110
0110000110
0110000010
0111100110
0001111100
0000000000

0000000000
0001111110
0011111110
0111001110
0110000110
1110000111
0110000110
0111111010
0111111110
0000000000

0000000000
0111111110
0111000110
0110000110
0100000010
0100000110
0100000110
0111010110
0111111111
0000000000

0000000000
0011110000
0011111110
0110000110
0100000110
0100000110
0111001110
0111111110
0111111100
0000111000

0000000000
0111101110
0111111110
0110000110
0110000011
1110000011
0110000011
0111111100
0000110010
0000000000

0000000000
0111111110
0111111110
0111000010
0110000110
0110000110
0110000110
0111111110
0011111100
0000000000

0000000000
0111111110
0011111110
0111001110
0110001110
0110001110
0110001110
0111111110
0111111110
0000000000

0000000000
0111111110
0111000110
0110000110
0110000010
0110000110
0110000110
0111000110
0111111110
0000000000

0000000000
0111111100
0111111110
0110000110
0100000110
0100000110
0111001110
0111111110
0111111100
0000000000

0000000000
0111111110
0111111110
0110000110
1110000111
1110000111
1110000111
0111111110
0111111110
0000000000